20.0 7.0
0.0 0.0 0.0 20.0 0.0 0.0 20.0 0.1 0.0
0.0 0.0 0.0 0.0 0.1 0.0 20.0 0.1 0.0
0.0 0.0 0.0 0.0 7.0 0.0 0.1 7.0 0.0
0.0 0.0 0.0 0.1 0.0 0.0 0.1 7.0 0.0
19.9 0.0 0.0 19.9 7.0 0.0 20.0 7.0 0.0
19.9 0.0 0.0 20.0 0.0 0.0 20.0 7.0 0.0
0.0 6.9 0.0 20.0 6.9 0.0 20.0 7.0 0.0
0.0 6.9 0.0 0.0 7.0 0.0 20.0 7.0 0.0
0.0 2.0 0.0 4.5 2.0 0.0 4.5 2.1 0.0
0.0 2.0 0.0 0.0 2.1 0.0 4.5 2.1 0.0
4.5 0.0 0.0 4.5 2.1 0.0 4.6 2.1 0.0
4.5 0.0 0.0 4.6 0.0 0.0 4.6 2.1 0.0
10.5 0.0 0.0 10.5 2.0 0.0 10.6 2.0 0.0
10.5 0.0 0.0 10.6 0.0 0.0 10.6 2.0 0.0
10.5 2.0 0.0 20.0 2.0 0.0 20.0 2.1 0.0
10.5 2.0 0.0 10.5 2.1 0.0 20.0 2.1 0.0